#System settings are stored under: /resource/experimental/randomized/2012-05-27_04:27:48.properties
#Sun May 27 04:27:48 EEST 2012
width=27
viewingFrustumBorders=27, 27
height=27
numberOfObstacles=58
obstacle19=3, 5
numberOfThreats=3
obstacle18=2, 25
obstacle49=22, 17
obstacle17=2, 20
obstacle48=20, 24
obstacle16=2, 16
obstacle47=19, 3
obstacle15=2, 14
obstacle46=19, 1
obstacle14=2, 13
obstacle45=18, 6
obstacle13=2, 8
obstacle9=1, 22
obstacle44=18, 3
obstacle12=2, 7
obstacle8=1, 20
obstacle43=16, 4
obstacle11=1, 25
obstacle7=1, 17
obstacle42=16, 3
obstacle10=1, 24
obstacle6=1, 16
obstacle41=16, 2
obstacle5=1, 15
obstacle40=16, 1
obstacle4=1, 14
obstacle3=1, 13
obstacle2=1, 12
obstacle1=1, 7
executionType=GOAL_DIRECTED
obstacle39=15, 1
obstacle38=13, 7
obstacle37=13, 3
obstacle36=11, 25
obstacle35=9, 21
obstacle34=9, 19
start=1, 1
obstacle33=9, 1
obstacle32=8, 24
obstacle31=8, 13
obstacle30=8, 1
randomGeneration=false
threat3=5.0, 2.0, 8, 5, 42.92012332276067, 140.0933254154664, 0
threat2=10.0, 12.0, 11, 3, 58.692551365454406, 129.93862345780076, 211.320069064456
threat1=15.0, 8.0, 9, 0, 34.883335696112724, 97.56682939283702, 195.15708405523117
goal=25, 25
obstacle29=7, 24
obstacle28=5, 22
obstacle27=5, 10
obstacle58=20, 23
obstacle26=4, 24
objBehaviours=MINIMIZED, MINIMIZED
obstacle57=25, 21
obstacle25=4, 23
obstacle56=25, 18
obstacle24=4, 15
obstacle55=25, 1
obstacle23=4, 13
obstacle54=24, 18
obstacle22=4, 3
obstacle53=24, 6
obstacle21=3, 19
obstacle52=24, 1
obstacle20=3, 8
obstacle51=23, 25
obstacle50=23, 1
