#System settings are stored under: /resource/2011-12-07_02:21:07.properties
#Wed Dec 07 02:21:07 EET 2011
threat3=4.0, 10.0, 5, 91.31837947704682, 176.78571942454533, 261.3017133359268
start=1, 1
width=20
threat2=9.0, 11.0, 5, 62.54938902152971, 73.36664856364298, 117.97722916168055
threat1=7.0, 4.0, 9, 60.969898565778855, 124.50744151257234, 179.20442385378104
randomGeneration=false
numberOfObstacles=0
goal=18, 18
objBehaviours=MINIMIZED, MINIMIZED
height=20
numberOfThreats=3
