#System settings are stored under: /resource/2011-12-07_02:25:49.properties
#Wed Dec 07 02:25:49 EET 2011
width=20
height=20
viewingFrustumBorders = 5, 5
numberOfObstacles=27
obstacle19=8, 15
numberOfThreats=3
obstacle18=8, 14
obstacle17=8, 12
obstacle16=7, 15
obstacle15=7, 14
obstacle14=6, 16
obstacle13=6, 15
obstacle9=4, 12
obstacle12=5, 16
obstacle8=4, 11
obstacle11=5, 15
obstacle7=4, 10
obstacle10=5, 14
obstacle6=2, 11
obstacle5=2, 8
obstacle4=1, 12
obstacle3=1, 11
obstacle2=1, 8
obstacle1=1, 2
start=1, 1
randomGeneration=false
threat3=9.0, 3.0, 8, 92.28969227648628, 120.51927700800292, 208.89404827385965
threat2=13.0, 15.0, 2, 20.30392506829708
threat1=4.0, 1.0, 9, 71.50207468012097, 169.60733127597473, 252.31089167817345
goal=18, 18
obstacle27=18, 5
obstacle26=17, 16
objBehaviours=MINIMIZED, MINIMIZED
obstacle25=17, 15
obstacle24=17, 10
obstacle23=16, 12
obstacle22=14, 2
obstacle21=14, 1
obstacle20=11, 18
