#System settings are stored under: /resource/2012-05-03_00:33:50.properties
#Thu May 03 00:33:50 EEST 2012
objBehaviours=MINIMIZED, MINIMIZED
obstacle9=6, 15
obstacle8=6, 16
obstacle7=6, 17
viewingFrustumBorders=20, 20
obstacle6=6, 18
obstacle5=16, 3
start=1, 1
obstacle4=16, 4
obstacle3=16, 6
obstacle2=8, 17
obstacle1=8, 16
goal=18, 18
obstacle11=14, 1
obstacle10=14, 2
height=20
width=20
threat3=4.0, 10.0, 5, 91.31837947704682, 176.78571942454533, 261.3017133359268
randomGeneration=false
threat2=9.0, 11.0, 5, 62.54938902152971, 73.36664856364298, 117.97722916168055
threat1=7.0, 4.0, 9, 60.969898565778855, 124.50744151257234, 179.20442385378104
numberOfThreats=3
executionType=GOAL_DIRECTED
numberOfObstacles=11
